0.000000000000000000e+00 0.000000000000000000e+00 0.000000000000000000e+00 0.000000000000000000e+00
0.000000000000000000e+00 6.068407035873221389e+00 0.000000000000000000e+00 -6.068407035873221389e+00
0.000000000000000000e+00 1.213681407174644278e+01 0.000000000000000000e+00 -1.213681407174644278e+01
0.000000000000000000e+00 1.820522110761966417e+01 0.000000000000000000e+00 -1.820522110761966417e+01
0.000000000000000000e+00 2.427362814349288556e+01 0.000000000000000000e+00 -2.427362814349288556e+01
0.000000000000000000e+00 3.034203517936610695e+01 0.000000000000000000e+00 -3.034203517936610695e+01
0.000000000000000000e+00 3.641044221523932833e+01 0.000000000000000000e+00 -3.641044221523932833e+01
0.000000000000000000e+00 4.247884925111254972e+01 0.000000000000000000e+00 -4.247884925111254972e+01
0.000000000000000000e+00 4.854725628698577111e+01 0.000000000000000000e+00 -4.854725628698577111e+01
0.000000000000000000e+00 5.461566332285899250e+01 0.000000000000000000e+00 -5.461566332285899250e+01
0.000000000000000000e+00 6.068407035873221389e+01 0.000000000000000000e+00 -6.068407035873221389e+01
0.000000000000000000e+00 6.675247739460543528e+01 0.000000000000000000e+00 -6.675247739460543528e+01
0.000000000000000000e+00 7.282088443047865667e+01 0.000000000000000000e+00 -7.282088443047865667e+01
0.000000000000000000e+00 7.888929146635187806e+01 0.000000000000000000e+00 -7.888929146635187806e+01
0.000000000000000000e+00 8.495769850222509945e+01 0.000000000000000000e+00 -8.495769850222509945e+01
0.000000000000000000e+00 9.102610553809832084e+01 0.000000000000000000e+00 -9.102610553809832084e+01
0.000000000000000000e+00 9.709451257397154222e+01 0.000000000000000000e+00 -9.709451257397154222e+01
0.000000000000000000e+00 1.031629196098447636e+02 0.000000000000000000e+00 -1.031629196098447636e+02
0.000000000000000000e+00 1.092313266457179850e+02 0.000000000000000000e+00 -1.092313266457179850e+02
0.000000000000000000e+00 1.152997336815912064e+02 0.000000000000000000e+00 -1.152997336815912064e+02
0.000000000000000000e+00 1.213681407174644278e+02 0.000000000000000000e+00 -1.213681407174644278e+02
0.000000000000000000e+00 1.274365477533376492e+02 0.000000000000000000e+00 -1.274365477533376492e+02
0.000000000000000000e+00 1.335049547892108706e+02 0.000000000000000000e+00 -1.335049547892108706e+02
0.000000000000000000e+00 1.395733618250840777e+02 0.000000000000000000e+00 -1.395733618250840777e+02
0.000000000000000000e+00 1.456417688609573133e+02 0.000000000000000000e+00 -1.456417688609573133e+02
0.000000000000000000e+00 1.517101758968305489e+02 0.000000000000000000e+00 -1.517101758968305489e+02
0.000000000000000000e+00 1.577785829327037845e+02 0.000000000000000000e+00 -1.577785829327037845e+02
0.000000000000000000e+00 1.638469899685770201e+02 0.000000000000000000e+00 -1.638469899685770201e+02
0.000000000000000000e+00 1.699153970044502557e+02 0.000000000000000000e+00 -1.699153970044502557e+02
0.000000000000000000e+00 1.759838040403234913e+02 0.000000000000000000e+00 -1.759838040403234913e+02
0.000000000000000000e+00 1.820522110761967269e+02 0.000000000000000000e+00 -1.820522110761967269e+02
0.000000000000000000e+00 1.881206181120699625e+02 0.000000000000000000e+00 -1.881206181120699625e+02
0.000000000000000000e+00 1.941890251479431981e+02 0.000000000000000000e+00 -1.941890251479431981e+02
0.000000000000000000e+00 2.002574321838164337e+02 0.000000000000000000e+00 -2.002574321838164337e+02
0.000000000000000000e+00 2.063258392196896693e+02 0.000000000000000000e+00 -2.063258392196896693e+02
0.000000000000000000e+00 2.123942462555629049e+02 0.000000000000000000e+00 -2.123942462555629049e+02
0.000000000000000000e+00 2.184626532914361405e+02 0.000000000000000000e+00 -2.184626532914361405e+02
0.000000000000000000e+00 2.245310603273093761e+02 0.000000000000000000e+00 -2.245310603273093761e+02
0.000000000000000000e+00 2.305994673631826117e+02 0.000000000000000000e+00 -2.305994673631826117e+02
0.000000000000000000e+00 2.366678743990558473e+02 0.000000000000000000e+00 -2.366678743990558473e+02
0.000000000000000000e+00 2.427362814349290829e+02 0.000000000000000000e+00 -2.427362814349290829e+02
0.000000000000000000e+00 2.488046884708023185e+02 0.000000000000000000e+00 -2.488046884708023185e+02
0.000000000000000000e+00 2.548730955066755541e+02 0.000000000000000000e+00 -2.548730955066755541e+02
0.000000000000000000e+00 2.609415025425487897e+02 0.000000000000000000e+00 -2.609415025425487897e+02
0.000000000000000000e+00 2.670099095784220253e+02 0.000000000000000000e+00 -2.670099095784220253e+02
0.000000000000000000e+00 2.730783166142952609e+02 0.000000000000000000e+00 -2.730783166142952609e+02
0.000000000000000000e+00 2.791467236501684965e+02 0.000000000000000000e+00 -2.791467236501684965e+02
0.000000000000000000e+00 2.852151306860417321e+02 0.000000000000000000e+00 -2.852151306860417321e+02
0.000000000000000000e+00 2.912835377219149677e+02 0.000000000000000000e+00 -2.912835377219149677e+02
0.000000000000000000e+00 2.973519447577882033e+02 0.000000000000000000e+00 -2.973519447577882033e+02
0.000000000000000000e+00 3.034203517936614389e+02 0.000000000000000000e+00 -3.034203517936614389e+02
0.000000000000000000e+00 3.094887588295346745e+02 0.000000000000000000e+00 -3.094887588295346745e+02
0.000000000000000000e+00 3.155571658654079101e+02 0.000000000000000000e+00 -3.155571658654079101e+02
0.000000000000000000e+00 3.216255729012811457e+02 0.000000000000000000e+00 -3.216255729012811457e+02
0.000000000000000000e+00 3.276939799371543813e+02 0.000000000000000000e+00 -3.276939799371543813e+02
0.000000000000000000e+00 3.337623869730276169e+02 0.000000000000000000e+00 -3.337623869730276169e+02
0.000000000000000000e+00 3.398307940089008525e+02 0.000000000000000000e+00 -3.398307940089008525e+02
0.000000000000000000e+00 3.458992010447740881e+02 0.000000000000000000e+00 -3.458992010447740881e+02
0.000000000000000000e+00 3.519676080806473237e+02 0.000000000000000000e+00 -3.519676080806473237e+02
0.000000000000000000e+00 3.580360151165205593e+02 0.000000000000000000e+00 -3.580360151165205593e+02
0.000000000000000000e+00 3.641044221523937949e+02 0.000000000000000000e+00 -3.641044221523937949e+02
0.000000000000000000e+00 3.701728291882670305e+02 0.000000000000000000e+00 -3.701728291882670305e+02
0.000000000000000000e+00 3.762412362241402661e+02 0.000000000000000000e+00 -3.762412362241402661e+02
0.000000000000000000e+00 3.823096432600135017e+02 0.000000000000000000e+00 -3.823096432600135017e+02
0.000000000000000000e+00 3.883780502958867373e+02 0.000000000000000000e+00 -3.883780502958867373e+02
0.000000000000000000e+00 3.944464573317599729e+02 0.000000000000000000e+00 -3.944464573317599729e+02
0.000000000000000000e+00 4.005148643676332085e+02 0.000000000000000000e+00 -4.005148643676332085e+02
0.000000000000000000e+00 4.065832714035064441e+02 0.000000000000000000e+00 -4.065832714035064441e+02
0.000000000000000000e+00 4.126516784393796797e+02 0.000000000000000000e+00 -4.126516784393796797e+02
0.000000000000000000e+00 4.187200854752529153e+02 0.000000000000000000e+00 -4.187200854752529153e+02
0.000000000000000000e+00 4.247884925111261509e+02 0.000000000000000000e+00 -4.247884925111261509e+02
0.000000000000000000e+00 4.308568995469993865e+02 0.000000000000000000e+00 -4.308568995469993865e+02
