0.000000000000000000e+00 2.000000000000000000e+00 0.000000000000000000e+00 -2.000000000000000000e+00
0.000000000000000000e+00 2.606840703587322228e+00 0.000000000000000000e+00 -2.606840703587322228e+00
0.000000000000000000e+00 3.820522110761966683e+00 0.000000000000000000e+00 -3.820522110761966683e+00
0.000000000000000000e+00 5.641044221523933366e+00 0.000000000000000000e+00 -5.641044221523933366e+00
0.000000000000000000e+00 8.068407035873221389e+00 0.000000000000000000e+00 -8.068407035873221389e+00
0.000000000000000000e+00 1.110261055380983208e+01 0.000000000000000000e+00 -1.110261055380983208e+01
0.000000000000000000e+00 1.474365477533376456e+01 0.000000000000000000e+00 -1.474365477533376456e+01
0.000000000000000000e+00 1.899153970044502060e+01 0.000000000000000000e+00 -1.899153970044502060e+01
0.000000000000000000e+00 2.384626532914359842e+01 0.000000000000000000e+00 -2.384626532914359842e+01
0.000000000000000000e+00 2.930783166142949625e+01 0.000000000000000000e+00 -2.930783166142949625e+01
0.000000000000000000e+00 3.537623869730271764e+01 0.000000000000000000e+00 -3.537623869730271764e+01
0.000000000000000000e+00 4.205148643676326259e+01 0.000000000000000000e+00 -4.205148643676326259e+01
0.000000000000000000e+00 4.933357487981113110e+01 0.000000000000000000e+00 -4.933357487981113110e+01
0.000000000000000000e+00 5.722250402644631606e+01 0.000000000000000000e+00 -5.722250402644631606e+01
0.000000000000000000e+00 6.571827387666883169e+01 0.000000000000000000e+00 -6.571827387666883169e+01
0.000000000000000000e+00 7.482088443047865667e+01 0.000000000000000000e+00 -7.482088443047865667e+01
0.000000000000000000e+00 8.453033568787580521e+01 0.000000000000000000e+00 -8.453033568787580521e+01
0.000000000000000000e+00 9.484662764886027730e+01 0.000000000000000000e+00 -9.484662764886027730e+01
0.000000000000000000e+00 1.057697603134320730e+02 0.000000000000000000e+00 -1.057697603134320730e+02
0.000000000000000000e+00 1.172997336815911922e+02 0.000000000000000000e+00 -1.172997336815911922e+02
0.000000000000000000e+00 1.294365477533376350e+02 0.000000000000000000e+00 -1.294365477533376350e+02
0.000000000000000000e+00 1.421802025286714013e+02 0.000000000000000000e+00 -1.421802025286714013e+02
0.000000000000000000e+00 1.555306980075924912e+02 0.000000000000000000e+00 -1.555306980075924912e+02
0.000000000000000000e+00 1.694880341901009047e+02 0.000000000000000000e+00 -1.694880341901009047e+02
0.000000000000000000e+00 1.840522110761966417e+02 0.000000000000000000e+00 -1.840522110761966417e+02
0.000000000000000000e+00 1.992232286658797022e+02 0.000000000000000000e+00 -1.992232286658797022e+02
0.000000000000000000e+00 2.150010869591500864e+02 0.000000000000000000e+00 -2.150010869591500864e+02
0.000000000000000000e+00 2.313857859560077941e+02 0.000000000000000000e+00 -2.313857859560077941e+02
0.000000000000000000e+00 2.483773256564528253e+02 0.000000000000000000e+00 -2.483773256564528253e+02
0.000000000000000000e+00 2.659757060604851517e+02 0.000000000000000000e+00 -2.659757060604851517e+02
0.000000000000000000e+00 2.841809271681048017e+02 0.000000000000000000e+00 -2.841809271681048017e+02
0.000000000000000000e+00 3.029929889793118036e+02 0.000000000000000000e+00 -3.029929889793118036e+02
0.000000000000000000e+00 3.224118914941061007e+02 0.000000000000000000e+00 -3.224118914941061007e+02
0.000000000000000000e+00 3.424376347124877498e+02 0.000000000000000000e+00 -3.424376347124877498e+02
0.000000000000000000e+00 3.630702186344566940e+02 0.000000000000000000e+00 -3.630702186344566940e+02
0.000000000000000000e+00 3.843096432600129901e+02 0.000000000000000000e+00 -3.843096432600129901e+02
0.000000000000000000e+00 4.061559085891565815e+02 0.000000000000000000e+00 -4.061559085891565815e+02
0.000000000000000000e+00 4.286090146218875248e+02 0.000000000000000000e+00 -4.286090146218875248e+02
0.000000000000000000e+00 4.516689613582057632e+02 0.000000000000000000e+00 -4.516689613582057632e+02
0.000000000000000000e+00 4.753357487981113536e+02 0.000000000000000000e+00 -4.753357487981113536e+02
0.000000000000000000e+00 4.996093769416042392e+02 0.000000000000000000e+00 -4.996093769416042392e+02
0.000000000000000000e+00 5.244898457886844199e+02 0.000000000000000000e+00 -5.244898457886844199e+02
0.000000000000000000e+00 5.499771553393519525e+02 0.000000000000000000e+00 -5.499771553393519525e+02
0.000000000000000000e+00 5.760713055936067803e+02 0.000000000000000000e+00 -5.760713055936067803e+02
0.000000000000000000e+00 6.027722965514490170e+02 0.000000000000000000e+00 -6.027722965514490170e+02
0.000000000000000000e+00 6.300801282128785488e+02 0.000000000000000000e+00 -6.300801282128785488e+02
0.000000000000000000e+00 6.579948005778953757e+02 0.000000000000000000e+00 -6.579948005778953757e+02
0.000000000000000000e+00 6.865163136464994977e+02 0.000000000000000000e+00 -6.865163136464994977e+02
0.000000000000000000e+00 7.156446674186910286e+02 0.000000000000000000e+00 -7.156446674186910286e+02
0.000000000000000000e+00 7.453798618944698546e+02 0.000000000000000000e+00 -7.453798618944698546e+02
0.000000000000000000e+00 7.757218970738359758e+02 0.000000000000000000e+00 -7.757218970738359758e+02
0.000000000000000000e+00 8.066707729567893921e+02 0.000000000000000000e+00 -8.066707729567893921e+02
0.000000000000000000e+00 8.382264895433302172e+02 0.000000000000000000e+00 -8.382264895433302172e+02
0.000000000000000000e+00 8.703890468334583375e+02 0.000000000000000000e+00 -8.703890468334583375e+02
0.000000000000000000e+00 9.031584448271737529e+02 0.000000000000000000e+00 -9.031584448271737529e+02
0.000000000000000000e+00 9.365346835244764634e+02 0.000000000000000000e+00 -9.365346835244764634e+02
0.000000000000000000e+00 9.705177629253665827e+02 0.000000000000000000e+00 -9.705177629253665827e+02
0.000000000000000000e+00 1.005107683029843997e+03 0.000000000000000000e+00 -1.005107683029843997e+03
0.000000000000000000e+00 1.040304443837908821e+03 0.000000000000000000e+00 -1.040304443837908821e+03
0.000000000000000000e+00 1.076108045349560825e+03 0.000000000000000000e+00 -1.076108045349560825e+03
0.000000000000000000e+00 1.112518487564800125e+03 0.000000000000000000e+00 -1.112518487564800125e+03
0.000000000000000000e+00 1.149535770483626720e+03 0.000000000000000000e+00 -1.149535770483626720e+03
0.000000000000000000e+00 1.187159894106040838e+03 0.000000000000000000e+00 -1.187159894106040838e+03
0.000000000000000000e+00 1.225390858432042251e+03 0.000000000000000000e+00 -1.225390858432042251e+03
0.000000000000000000e+00 1.264228663461630958e+03 0.000000000000000000e+00 -1.264228663461630958e+03
0.000000000000000000e+00 1.303673309194806961e+03 0.000000000000000000e+00 -1.303673309194806961e+03
0.000000000000000000e+00 1.343724795631570260e+03 0.000000000000000000e+00 -1.343724795631570260e+03
0.000000000000000000e+00 1.384383122771920853e+03 0.000000000000000000e+00 -1.384383122771920853e+03
0.000000000000000000e+00 1.425648290615858741e+03 0.000000000000000000e+00 -1.425648290615858741e+03
0.000000000000000000e+00 1.467520299163384152e+03 0.000000000000000000e+00 -1.467520299163384152e+03
0.000000000000000000e+00 1.509999148414496858e+03 0.000000000000000000e+00 -1.509999148414496858e+03
0.000000000000000000e+00 1.553084838369196859e+03 0.000000000000000000e+00 -1.553084838369196859e+03
