1.000000000000000000e+00 1.000000000000000000e+00 1.000000000000000000e+00 1.000000000000000000e+00
6.000000000000000000e+00 6.000000000000000000e+00 6.000000000000000000e+00 6.000000000000000000e+00
1.100000000000000000e+01 1.100000000000000000e+01 1.100000000000000000e+01 1.100000000000000000e+01
1.600000000000000000e+01 1.600000000000000000e+01 1.600000000000000000e+01 1.600000000000000000e+01
2.100000000000000000e+01 2.100000000000000000e+01 2.100000000000000000e+01 2.100000000000000000e+01
2.600000000000000000e+01 2.600000000000000000e+01 2.600000000000000000e+01 2.600000000000000000e+01
3.100000000000000000e+01 3.100000000000000000e+01 3.100000000000000000e+01 3.100000000000000000e+01
3.600000000000000000e+01 3.600000000000000000e+01 3.600000000000000000e+01 3.600000000000000000e+01
4.100000000000000000e+01 4.100000000000000000e+01 4.100000000000000000e+01 4.100000000000000000e+01
4.600000000000000000e+01 4.600000000000000000e+01 4.600000000000000000e+01 4.600000000000000000e+01
5.100000000000000000e+01 5.100000000000000000e+01 5.100000000000000000e+01 5.100000000000000000e+01
5.600000000000000000e+01 5.600000000000000000e+01 5.600000000000000000e+01 5.600000000000000000e+01
6.100000000000000000e+01 6.100000000000000000e+01 6.100000000000000000e+01 6.100000000000000000e+01
6.600000000000000000e+01 6.600000000000000000e+01 6.600000000000000000e+01 6.600000000000000000e+01
7.100000000000000000e+01 7.100000000000000000e+01 7.100000000000000000e+01 7.100000000000000000e+01
7.600000000000000000e+01 7.600000000000000000e+01 7.600000000000000000e+01 7.600000000000000000e+01
8.100000000000000000e+01 8.100000000000000000e+01 8.100000000000000000e+01 8.100000000000000000e+01
8.600000000000000000e+01 8.600000000000000000e+01 8.600000000000000000e+01 8.600000000000000000e+01
9.100000000000000000e+01 9.100000000000000000e+01 9.100000000000000000e+01 9.100000000000000000e+01
9.600000000000000000e+01 9.600000000000000000e+01 9.600000000000000000e+01 9.600000000000000000e+01
1.010000000000000000e+02 1.010000000000000000e+02 1.010000000000000000e+02 1.010000000000000000e+02
1.060000000000000000e+02 1.060000000000000000e+02 1.060000000000000000e+02 1.060000000000000000e+02
1.110000000000000000e+02 1.110000000000000000e+02 1.110000000000000000e+02 1.110000000000000000e+02
1.160000000000000000e+02 1.160000000000000000e+02 1.160000000000000000e+02 1.160000000000000000e+02
1.210000000000000000e+02 1.210000000000000000e+02 1.210000000000000000e+02 1.210000000000000000e+02
1.260000000000000000e+02 1.260000000000000000e+02 1.260000000000000000e+02 1.260000000000000000e+02
1.310000000000000000e+02 1.310000000000000000e+02 1.310000000000000000e+02 1.310000000000000000e+02
1.360000000000000000e+02 1.360000000000000000e+02 1.360000000000000000e+02 1.360000000000000000e+02
1.410000000000000000e+02 1.410000000000000000e+02 1.410000000000000000e+02 1.410000000000000000e+02
1.460000000000000000e+02 1.460000000000000000e+02 1.460000000000000000e+02 1.460000000000000000e+02
1.510000000000000000e+02 1.510000000000000000e+02 1.510000000000000000e+02 1.510000000000000000e+02
1.560000000000000000e+02 1.560000000000000000e+02 1.560000000000000000e+02 1.560000000000000000e+02
1.610000000000000000e+02 1.610000000000000000e+02 1.610000000000000000e+02 1.610000000000000000e+02
1.660000000000000000e+02 1.660000000000000000e+02 1.660000000000000000e+02 1.660000000000000000e+02
1.710000000000000000e+02 1.710000000000000000e+02 1.710000000000000000e+02 1.710000000000000000e+02
1.760000000000000000e+02 1.760000000000000000e+02 1.760000000000000000e+02 1.760000000000000000e+02
1.810000000000000000e+02 1.810000000000000000e+02 1.810000000000000000e+02 1.810000000000000000e+02
1.860000000000000000e+02 1.860000000000000000e+02 1.860000000000000000e+02 1.860000000000000000e+02
1.910000000000000000e+02 1.910000000000000000e+02 1.910000000000000000e+02 1.910000000000000000e+02
1.960000000000000000e+02 1.960000000000000000e+02 1.960000000000000000e+02 1.960000000000000000e+02
2.010000000000000000e+02 2.010000000000000000e+02 2.010000000000000000e+02 2.010000000000000000e+02
2.060000000000000000e+02 2.060000000000000000e+02 2.060000000000000000e+02 2.060000000000000000e+02
2.110000000000000000e+02 2.110000000000000000e+02 2.110000000000000000e+02 2.110000000000000000e+02
2.160000000000000000e+02 2.160000000000000000e+02 2.160000000000000000e+02 2.160000000000000000e+02
2.210000000000000000e+02 2.210000000000000000e+02 2.210000000000000000e+02 2.210000000000000000e+02
2.260000000000000000e+02 2.260000000000000000e+02 2.260000000000000000e+02 2.260000000000000000e+02
2.310000000000000000e+02 2.310000000000000000e+02 2.310000000000000000e+02 2.310000000000000000e+02
2.360000000000000000e+02 2.360000000000000000e+02 2.360000000000000000e+02 2.360000000000000000e+02
2.410000000000000000e+02 2.410000000000000000e+02 2.410000000000000000e+02 2.410000000000000000e+02
2.460000000000000000e+02 2.460000000000000000e+02 2.460000000000000000e+02 2.460000000000000000e+02
2.510000000000000000e+02 2.510000000000000000e+02 2.510000000000000000e+02 2.510000000000000000e+02
2.560000000000000000e+02 2.560000000000000000e+02 2.560000000000000000e+02 2.560000000000000000e+02
2.610000000000000000e+02 2.610000000000000000e+02 2.610000000000000000e+02 2.610000000000000000e+02
2.660000000000000000e+02 2.660000000000000000e+02 2.660000000000000000e+02 2.660000000000000000e+02
2.710000000000000000e+02 2.710000000000000000e+02 2.710000000000000000e+02 2.710000000000000000e+02
2.760000000000000000e+02 2.760000000000000000e+02 2.760000000000000000e+02 2.760000000000000000e+02
2.810000000000000000e+02 2.810000000000000000e+02 2.810000000000000000e+02 2.810000000000000000e+02
2.860000000000000000e+02 2.860000000000000000e+02 2.860000000000000000e+02 2.860000000000000000e+02
2.910000000000000000e+02 2.910000000000000000e+02 2.910000000000000000e+02 2.910000000000000000e+02
2.960000000000000000e+02 2.960000000000000000e+02 2.960000000000000000e+02 2.960000000000000000e+02
3.010000000000000000e+02 3.010000000000000000e+02 3.010000000000000000e+02 3.010000000000000000e+02
3.060000000000000000e+02 3.060000000000000000e+02 3.060000000000000000e+02 3.060000000000000000e+02
3.110000000000000000e+02 3.110000000000000000e+02 3.110000000000000000e+02 3.110000000000000000e+02
3.160000000000000000e+02 3.160000000000000000e+02 3.160000000000000000e+02 3.160000000000000000e+02
3.210000000000000000e+02 3.210000000000000000e+02 3.210000000000000000e+02 3.210000000000000000e+02
3.260000000000000000e+02 3.260000000000000000e+02 3.260000000000000000e+02 3.260000000000000000e+02
3.310000000000000000e+02 3.310000000000000000e+02 3.310000000000000000e+02 3.310000000000000000e+02
3.360000000000000000e+02 3.360000000000000000e+02 3.360000000000000000e+02 3.360000000000000000e+02
3.410000000000000000e+02 3.410000000000000000e+02 3.410000000000000000e+02 3.410000000000000000e+02
3.460000000000000000e+02 3.460000000000000000e+02 3.460000000000000000e+02 3.460000000000000000e+02
3.510000000000000000e+02 3.510000000000000000e+02 3.510000000000000000e+02 3.510000000000000000e+02
3.560000000000000000e+02 3.560000000000000000e+02 3.560000000000000000e+02 3.560000000000000000e+02
